+12021074635
+17631708091
+18301148766
+12541295605
+18621809022
+12101824555
+16691877145
+17071610718
+18061071977
+12501811062
+16691691094
+18311508428
+15121648404
+17601035726
+17021358670
+12181955385
+16061508245
+15751824497
+15051245958
+17191626980
+19701206346
+12011143301
+12101918794
+19511009337
+16611213407
+16691970088
+19361423964
+12541337667
+19561631646
+12011401807
+12101878852
+15411422219
+13011005240
+15751013560
+19161335401
+15591200706
+12541711815
+18311526210
+17601518200
+18301109651
+15751753616
+15101044386
+18301890427
+19161660721
+15301457358
+17071048115
+17631235692
+18581505734
+13611463182
+15301611939
+15101596258
+17751819962
+15071923024
+17601225389
+16091893541
+15051910000
+15591012939
+13101394745
+15751665678
+14081494538
+16121913922
+18301807396
+14081481270
+12011590042
+15071991343
+13101628213
+17631657162
+19091084416
+16511074443
+18561794104
+12101318365
+12501475692
+16511330171
+19561100676
+17191331103
+18621256015
+15511720951
+15301061112
+15301169957
+13101591494
+13101335029
+17191120943
+18621214030
+16061476349
+16091236314
+19081642194
+17071253953
+17021824689
+14091824220
+19491471171
+19081608659
+13011022470
+17201803238
+19731462648
+12021556726
+19071940721
+18311406548
+16051851296
+14301341545
+19491491045
+14321887910
+15511562549
+16091105888
+15301898297
+13201125837
+19091437660
+19731771272
+18301632415
+12541781528
+19791783030
+14321512927
+16511536807
+14241813157
+13101999332
+19081055562
+13611473316
+15751517757
+19251624288
+19071109923
+16091499010
+12011508248
+19791460957
+15051979787
+19081972312
+18061412708
+12021673558
+14241672368
+14321946992
+19511872134
+16191703054
+19091910460
+19091034635
+17201321455
+18051061896
+14321451612
+15591814425
+19361583136
+19731278445
+18311698597
+14301736626
+19701346962
+18621248814
+12501887598
+17251546099
+19161245591
+16691318635
+18061301557
+12091548780
+15051285591
+19081313849
+12181945621
+19561728639
+13101471667
+14301681097
+15301010885
+16691182103
+18311600282
+18301304174
+19151628415
+18311207204
+19071594838
+16191298432
+19511475499
+17031288346
+15101689452
+17251644224
+13611736132
+16191309800
+13611341039
+16511142441
+14151313185
+12011371403
+16511084563
+19701397586
+18581706597
+12091272070
+15591003976
+16121964968
+15071313544
+19491138487
+16611581362
+19151294538
+13011238728
+14301508125
+19521714761
+12541452734
+18621427289
+15071560562
+16061343872
+18621125701
+19071724995
+12101913361
+14321131010
+17071452275
+19361323467
+16051106082
+19081426099
+12501193795
+18301268681
+19091614244
+18301055010
+19731123016
+13251701895
+14151578647
+17071130974
+18171189075
+19091386082
+19511910480
+19791968253
+13101729606
+14091309841
+14301013000
+15071789836
+18051025626
+18301127037
+18311488553
+19521044652
+14241552022
+17631376256
+14321864907
+19701359460
+17031722851
+12181106651
+17751791184
+18051661392
+19561013517
+13011111801
+18061176625
+12181109261
+12541838804
+14091773965
+18051055015
+12501884752
+19161250115
+16511073240
+17321588413
+14241460260
+17021111053
+16091475270
+17751837626
+19561041851
+17251396957
+16611942038
+12021511334
+12091530957
+19561660402
+14691458820
+16191783738
+12011806002
+19511068781
+14081695135
+18621671263
+15071701110
+12101120259
+17321562519
+19791994677
+19701815443
+14691443546
+16611602625
+15051875789
+17031922234
+16611200769
+17601830853
+16061486653
+16691260376
+19401996867
+17251724438
+17071626620
+17021396364
+16121377002
+17071553026
+14301096902
+16061277021
+17321928295
+19251134237
+16061546899
+19491538192
+19791636866
+17251040808
+13011104114
+14301191068
+16511977917
+16091373273
+16691118566
+19491875497
+18301934986
+19081436500
+16051112106
+16121184424
+19361998135
+18061168603
+16191250517
+18581160204
+19511232688
+17191428915
+12021255859
+18061405625
+16511001653
+15511823811
+12021223375
+15071745191
+15301417154
+12181454867
+19361187855
+12541544685
+14081701810
+19521449312
+18581708375
+19361617975
+14151246242
+16061586716
+18621760583
+16091946667
+18301753521
+18301554840
+17601028448
+14301659959
+12541471378
+19361085516
+13101799675
+18051689228
+15751580929
+19561967529
+17071966476
+16511704536
+14241093790
+15071244096
+19071539130
+19701937702
+15121719317
+18171946561
+13251375772
+17191620409
+19091012964
+14091620891
+13201149755
+15101704260
+17251715352
+19701294348
+19491874695
+18051867024
+17631594009
+12091772692
+19791160521
+12021082988
+15101559928
+14301679108
+15411822003
+17021460368
+14241115541
+12501470145
+15051816477
+15071213713
+17321390051
+19561682139
+16121825879
+18311170192
+15071322891
+17201667459
+14091725291
+19151569454
+17321525668
+12011365335
+12541034605
+18171176008
+15301010404
+19701949599
+18311018903
+19701928897
+19491419607
+16051397748
+17251618513
+18311632272
+13011344464
+13011849457
+16511019337
+19251685059
+18171034796
+18051528123
+19091991310
+14241190932
+17631692419
+12541567141
+19511192772
+12181747363
+18581846897
+16091334436
+15071179383
+18561385974
+15121612012
+14241764542
+17021790611
+15751167465
+16191996082
+14241775936
+17021112194
+16691763300
+13101135971
+19791919112
+14321188796
+13011281412
+12021115756
+18581832138
+12091473062
+14301802372
+18561623358
+17601026758
+13201391704
+17321960298
+16091661922
+18621216428
+13201914256
+17601121170
+15121020575
+15301177429
+17031589503
+15591246815
+15751645723
+18061120732
+18051710356
+19361818627
+17031291330
+19361061435
+12101529939
+19701534682
+14321498644
+13011044544
+15511881490
+17021774818
+15101397389
+14081457057
+16091111796
+13251517338
+14091931617
+19701912976
+13101335104
+15411209614
+17601766228
+14321112792
+18051738769
+17601521809
+14091750249
+18061957048
+12541428262
+19731922104
+17321273080
+16691912480
+17601582657
+19491427882
+15751920411
+12541341221
+13251998091
+18581008249
+19511722736
+15121410732
+17201057764
+19161512142
+19701082405
+19091624407
+14301865028
+17251583501
+17321758816
+19401420675
+12011456704
+19701262973
+19361042081
+15051588262
+15751907802
+15511055983
+16511679363
+17021040661
+14151622019
+17321120727
+15121293812
+17321044255
+16061497862
+15301557553
+18301882463
+18051013207
+16691736907
+14241724113
+17201908325
+15301931541
+15591903383
+16091436496
+15751779651
+12011610354
+15591167822
+17031715105
+19251321074
+17321268939
+17031290993
+18311000911
+12011492969
+17071616494
+19701781761
+13611221303
+18581080435
+19361970471
+17751519666
+15051483766
+16691714328
+19731146184
+19151608002
+18061056476
+16511352058
+17031140967
+18621763716
+18061311170
+16611407398
+18061714807
+15511209328
+13251482026
+16121911851
+15101443080
+15511307432
+19561624325
+15071912858
+17201813739
+17321471047
+18581117572
+14081885720
+19151092666
+19071746789
+18301522691
+12011884605
+16191376714
+12011805390
+16051891579
+18171585565
+19361252837
+18561745751
+19791488412
+15751368599
+19791273428
+19491301812
+19731356162
+19091737491
+14091115128
+13251288711
+17201878031
+14691812491
+19701520265
+16191700018
+12501721212
+17601628266
+18051446774
+14081620785
+16611327563
+12021141003
+19161068524
+19251208624
+13611897510
